dome_c_0-22_bern,dome_c_0-22_bern,dome_c_0-22_bern,dome_c_0-22_bern
Depth (m),EDC3_gas_a (yr),CO2 (ppmv),sigma (ppmv)
102.83,137.0,280.4,1.8
106.89,268.0,274.9,0.7
107.2,279.0,277.9,0.7
110.25,395.0,279.1,1.3
110.5,404.0,281.9,1.1
113.27,485.0,277.7,0.7
115.48,559.0,281.1,1.1
118.62,672.0,282.2,0.5
121.5,754.0,280.1,0.6
124.82,877.0,278.4,1.5
127.02,950.0,276.6,1.4
129.75,1060.0,279.1,1.0
132.5,1153.0,277.7,1.2
134.72,1233.0,278.7,1.2
138.02,1350.0,277.4,0.8
141.3,1453.0,279.2,0.9
144.05,1552.0,280.0,0.8
146.27,1638.0,278.9,0.8
149.02,1733.0,278.7,0.7
151.2,1812.0,278.0,1.2
154.5,1931.0,276.9,0.7
157.82,2057.0,276.7,0.8
160.03,2128.0,276.7,0.8
162.17,2212.0,277.6,1.3
165.52,2334.0,277.9,0.5
168.28,2433.0,273.9,1.1
171.0,2536.0,278.9,0.6
173.14,2604.0,275.3,1.6
176.52,2728.0,274.7,1.2
178.72,2806.0,276.3,0.9
181.45,2902.0,274.6,0.8
185.85,3053.0,276.3,1.5
187.52,3116.0,273.1,1.1
189.72,3215.0,274.0,0.3
193.0,3336.0,275.0,0.6
196.3,3453.0,273.4,1.3
198.52,3523.0,273.0,0.8
201.28,3622.0,271.5,1.0
204.0,3721.0,275.4,0.5
206.2,3790.0,274.9,1.3
209.52,3910.0,271.7,1.0
212.27,4004.0,271.6,0.7
215.0,4096.0,272.8,0.8
216.65,4161.0,271.5,0.9
221.05,4324.0,271.1,0.8
222.72,4374.0,269.1,0.6
225.48,4480.0,269.8,1.0
228.2,4573.0,271.5,0.8
232.05,4703.0,270.7,0.5
233.72,4766.0,269.3,1.0
236.47,4874.0,268.6,1.1
240.27,5004.0,269.8,1.2
242.5,5094.0,267.6,0.6
244.72,5160.0,265.3,1.7
248.02,5274.0,265.2,0.8
250.72,5370.0,267.6,2.0
253.5,5476.0,265.9,0.9
256.27,5562.0,265.5,0.8
259.02,5657.0,260.7,1.6
260.65,5716.0,266.7,0.9
264.5,5855.0,265.5,0.8
268.37,5998.0,263.2,0.6
269.42,6039.0,262.7,0.9
272.2,6131.0,261.2,0.7
276.07,6263.0,261.1,0.4
278.27,6354.0,259.4,0.6
280.53,6434.0,262.1,0.9
283.72,6545.0,262.9,0.5
285.97,6617.0,258.1,1.4
288.17,6713.0,257.6,0.9
292.0,6838.0,262.3,0.9
294.75,6941.0,263.0,0.7
297.52,7028.0,260.7,0.6
299.72,7112.0,258.4,0.8
303.0,7234.0,260.1,0.6
305.75,7320.0,260.4,0.4
308.52,7413.0,259.7,0.9
311.26,7507.0,259.2,0.7
314.0,7590.0,260.8,1.4
316.75,7691.0,259.6,0.5
319.52,7781.0,259.3,0.9
322.27,7876.0,258.3,1.2
325.0,7990.0,261.3,0.9
326.55,8050.0,260.7,0.4
330.5,8181.0,261.8,1.0
333.27,8281.0,259.0,1.1
336.02,8387.0,260.9,0.7
338.65,8477.0,260.4,0.6
341.5,8579.0,259.3,1.0
343.72,8653.0,262.0,0.8
347.02,8784.0,263.7,1.2
349.75,8869.0,263.8,0.8
352.58,8973.0,265.2,0.9
355.82,9092.0,260.6,1.7
357.47,9140.0,260.9,0.6
360.2,9232.0,263.0,0.4
362.98,9317.0,263.8,1.2
369.55,9536.0,264.4,0.4
371.23,9597.0,264.2,0.9
375.05,9721.0,264.0,0.3
377.27,9807.0,263.4,0.1
380.0,9909.0,265.7,0.5
382.22,9983.0,264.9,0.4
385.13,10088.0,267.5,0.4
388.23,10209.0,266.9,0.6
390.45,10294.0,266.0,1.1
393.78,10417.0,265.1,1.6
396.5,10527.0,267.6,0.7
399.28,10621.0,264.8,0.6
402.0,10744.0,264.8,0.4
404.19,10805.0,265.0,0.8
404.78,10827.0,265.3,0.4
406.39,10895.0,264.4,1.5
407.5,10933.0,264.1,0.7
409.7,11014.0,264.2,1.1
411.38,11087.0,264.5,0.4
413.03,11136.0,264.0,0.5
414.75,11201.0,263.0,1.3
415.73,11236.0,265.2,0.8
417.07,11278.0,258.8,0.7
418.53,11338.0,260.8,0.5
420.49,11392.0,255.4,0.3
421.8,11436.0,253.9,0.6
422.9,11469.0,253.8,0.8
426.1,11580.0,250.7,1.1
427.33,11635.0,249.7,0.4
428.3,11676.0,251.1,0.3
429.5,11727.0,250.7,0.9
431.73,11819.0,245.3,1.1
433.79,11896.0,245.3,0.6
435.0,11958.0,246.6,0.5
437.23,12050.0,243.2,0.4
438.85,12122.0,240.3,0.3
443.8,12371.0,237.5,0.5
446.03,12496.0,237.6,0.6
448.75,12642.0,234.2,0.3
450.98,12760.0,238.3,1.1
454.25,12942.0,237.3,0.5
457.03,13090.0,237.9,0.2
459.9,13241.0,237.6,0.6
463.63,13440.0,236.4,0.9
465.25,13542.0,239.2,0.5
467.45,13653.0,238.6,0.6
470.2,13804.0,238.6,0.3
473.06,13948.0,239.1,0.4
479.71,14303.0,228.5,0.6
484.1,14550.0,228.4,0.7
487.25,14725.0,226.1,0.6
490.03,14890.0,225.2,0.5
492.2,15012.0,224.5,0.6
496.07,15233.0,222.0,0.8
499.35,15438.0,221.0,0.8
501.58,15570.0,220.9,0.5
504.2,15742.0,219.4,0.6
506.53,15886.0,214.0,0.8
509.25,16073.0,207.5,0.9
512.03,16260.0,207.7,0.5
514.75,16452.0,202.9,0.7
517.53,16659.0,200.8,1.0
520.25,16870.0,195.2,0.3
523.03,17111.0,193.9,0.5
526.3,17375.0,191.0,0.5
528.53,17565.0,188.5,0.7
531.25,17809.0,188.5,0.7
532.93,17943.0,189.2,0.4
536.75,18285.0,187.0,0.2
539.53,18541.0,188.6,0.5
542.9,18828.0,189.4,0.4
543.35,18868.0,192.3,0.6
543.93,18921.0,188.3,0.6
548.85,19347.0,188.7,0.2
550.51,19509.0,188.8,0.5
553.25,19748.0,190.0,0.8
556.03,19988.0,188.0,0.9
557.89,20168.0,188.2,0.7
558.2,20197.0,195.0,0.7
561.53,20502.0,187.8,0.4
564.26,20748.0,186.9,0.3
567.03,21011.0,186.5,0.3
569.75,21257.0,184.7,1.2
572.53,21507.0,186.1,0.4
576.33,21854.0,185.7,1.3
578.11,22015.0,184.4,0.8
,,,
,,,
,,,
,,,
,,,
,,,
,,,
,,,
,,,
,,,
,,,
,,,
,,,
,,,
,,,
,,,
,,,
,,,
,,,
,,,
,,,
,,,
,,,
,,,
,,,
,,,
,,,
,,,
,,,
,,,
,,,
,,,
,,,
,,,
,,,
,,,
,,,
,,,
,,,
,,,
,,,
,,,
,,,
,,,
,,,
,,,
,,,
,,,
,,,
,,,
,,,
,,,
,,,
,,,
,,,
,,,
,,,
,,,
,,,
,,,
,,,
,,,
,,,
,,,
,,,
,,,
,,,
,,,
,,,
,,,
,,,
,,,
,,,
,,,
,,,
,,,
,,,
,,,
,,,
,,,
,,,
,,,
,,,
,,,
,,,
,,,
,,,
,,,
,,,
,,,
,,,
,,,
,,,
,,,
,,,
,,,
,,,
,,,
,,,
,,,
,,,
,,,
,,,
,,,
,,,
,,,
,,,
,,,
,,,
,,,
,,,
,,,
,,,
,,,
,,,
,,,
,,,
,,,
,,,
,,,
,,,
,,,
,,,
,,,
,,,
,,,
,,,
,,,
,,,
,,,
,,,
,,,
,,,
,,,
,,,
,,,
,,,
,,,
,,,
,,,
,,,
,,,
,,,
,,,
,,,
,,,
,,,
,,,
,,,
,,,
,,,
,,,
,,,
,,,
,,,
,,,
,,,
,,,
,,,
,,,
,,,
,,,
,,,
,,,
,,,
,,,
,,,
,,,
,,,
,,,
,,,
,,,
,,,
,,,
,,,
,,,
,,,
,,,
,,,
,,,
,,,
,,,
,,,
,,,
,,,
,,,
,,,
,,,
,,,
