dome_c_393-664_bern,dome_c_393-664_bern,dome_c_393-664_bern,dome_c_393-664_bern
Depth (m).3,EDC3_gas_a (yr).2,CO2 (ppmv).3,sigma (ppmv).2
2761.85,415717.0,276.4,1.6
2762.89,416193.0,271.7,1.2
2765.08,417191.0,273.4,1.5
2766.18,417698.0,271.8,1.7
2767.33,418245.0,274.6,1.8
2769.48,419260.0,273.7,0.8
2770.58,419808.0,271.2,1.5
2771.68,420350.0,273.8,1.6
2773.88,421484.0,268.6,1.4
2774.96,422074.0,266.4,1.8
2776.13,422649.0,270.6,1.1
2778.28,423764.0,267.7,2.9
2779.39,424332.0,268.3,1.9
2780.48,424840.0,270.8,1.1
2781.32,425242.0,270.0,2.5
2781.96,425569.0,265.4,2.0
2782.73,425975.0,255.3,1.3
2783.81,426598.0,252.1,0.7
2784.88,427285.0,248.2,0.9
2785.27,427566.0,242.5,1.5
2787.08,429006.0,219.7,1.7
2788.03,429876.0,227.2,2.2
2789.29,431063.0,211.5,1.7
2789.67,431445.0,207.6,1.3
2790.78,432599.0,209.8,1.6
2791.87,433674.0,207.5,1.3
2792.97,434804.0,200.3,1.6
2794.08,435989.0,201.7,1.6
2795.17,437152.0,201.3,1.1
2796.28,438356.0,202.0,1.5
2797.38,439565.0,199.1,1.1
2798.92,441220.0,201.1,0.9
2800.02,442411.0,203.5,0.6
2801.13,443562.0,208.1,1.8
2802.21,444650.0,201.7,1.7
2803.33,445829.0,201.2,2.1
2804.42,446984.0,204.9,1.4
2805.52,448103.0,201.9,1.8
2806.62,449244.0,198.4,1.3
2807.72,450455.0,193.3,1.6
2808.82,451593.0,192.5,1.0
2809.46,452283.0,199.1,0.6
2809.93,452795.0,204.3,1.0
2810.56,453514.0,203.3,1.0
2811.01,454023.0,208.3,1.4
2812.12,455279.0,202.4,1.3
2813.21,456591.0,195.5,0.8
2814.32,458049.0,190.7,1.9
2815.43,459430.0,194.4,0.7
2816.52,460792.0,199.9,2.6
2817.25,461687.0,205.2,0.9
2817.62,462133.0,210.0,0.7
2818.72,463456.0,208.1,2.2
2819.83,464866.0,204.4,1.9
2820.92,466265.0,203.4,1.2
2822.01,467602.0,205.5,0.9
2822.66,468323.0,206.5,0.9
2823.11,468810.0,215.5,2.3
2823.76,469470.0,218.7,0.9
2824.22,469941.0,229.2,1.4
2824.86,470597.0,232.7,0.7
2825.31,471046.0,243.7,1.8
2826.05,471763.0,243.9,1.1
2826.42,472095.0,245.6,0.9
2827.53,473102.0,241.2,1.7
2828.63,474162.0,233.1,0.6
2829.72,475218.0,232.8,1.1
2830.82,476240.0,236.6,1.0
2831.93,477162.0,239.1,0.9
2832.56,477719.0,236.5,1.2
2833.02,478124.0,231.3,1.0
2833.66,478721.0,220.8,0.7
2834.12,479144.0,218.8,2.3
2835.22,480108.0,223.8,1.4
2836.32,481035.0,223.4,1.7
2837.43,481932.0,227.3,1.3
2838.53,482803.0,231.4,1.1
2839.62,483649.0,231.4,1.3
2840.71,484465.0,231.2,1.2
2841.81,485276.0,233.0,1.4
2842.92,486043.0,232.9,1.2
2844.02,486816.0,231.3,1.2
2845.11,487541.0,237.1,1.8
2846.22,488268.0,242.0,0.2
2846.86,488689.0,240.9,0.4
2847.33,488996.0,252.8,2.5
2848.05,489475.0,249.3,2.7
2848.42,489722.0,242.6,0.6
2849.53,490445.0,243.3,1.3
2850.63,491191.0,246.7,1.6
2851.72,491959.0,243.7,1.4
2852.82,492738.0,239.7,1.9
2853.91,493507.0,239.1,1.2
2855.03,494311.0,238.3,2.0
2856.12,495085.0,238.5,1.4
2857.22,495853.0,237.6,1.6
2858.32,496608.0,236.4,2.1
2859.43,497366.0,236.5,1.7
2860.51,498104.0,232.8,0.8
2861.62,498865.0,230.6,0.5
2862.72,499610.0,230.8,1.0
2863.83,500363.0,228.2,1.7
2864.93,501130.0,230.8,1.4
2866.02,501866.0,231.2,0.8
2867.13,502625.0,232.0,1.6
2868.23,503375.0,232.2,1.4
2869.32,504083.0,234.1,0.8
2870.42,504777.0,233.9,1.1
2871.52,505516.0,235.5,1.8
2872.62,506287.0,236.0,2.1
2873.72,507011.0,238.2,0.9
2874.82,507714.0,237.0,0.8
2875.92,508476.0,240.3,0.7
2877.02,509247.0,233.4,1.0
2878.12,510008.0,236.4,1.4
2879.22,510765.0,235.2,0.5
2880.32,511515.0,242.0,0.8
2881.42,512269.0,238.2,1.0
2882.52,512997.0,239.2,1.2
2883.62,513724.0,241.5,1.3
2884.72,514429.0,243.0,0.5
2885.82,515113.0,247.2,2.2
2886.92,515771.0,246.2,2.6
2888.02,516417.0,245.5,1.1
2889.12,517069.0,245.3,1.3
2890.22,517706.0,247.7,1.4
2891.32,518334.0,245.5,0.8
2892.42,518965.0,243.5,0.7
2895.71,520892.0,241.9,1.4
2896.82,521552.0,236.8,0.8
2897.92,522216.0,235.8,1.2
2899.02,522923.0,233.7,0.7
2900.12,523666.0,230.3,0.8
2901.22,524409.0,227.8,0.6
2902.32,525164.0,224.7,1.9
2903.42,525908.0,222.7,1.0
2904.51,526661.0,221.2,1.2
2905.62,527454.0,220.3,0.5
2906.72,528262.0,220.7,0.9
2907.36,528747.0,214.5,0.5
2907.82,529101.0,211.4,2.2
2908.48,529640.0,204.4,0.6
2908.92,530016.0,200.0,0.8
2909.65,530685.0,195.1,0.7
2910.02,531035.0,193.8,0.8
2910.66,531662.0,190.5,1.7
2911.12,532119.0,199.8,1.2
2912.22,533246.0,199.4,0.8
2913.33,534364.0,205.0,0.9
2914.42,535483.0,206.4,0.7
2915.52,536622.0,212.9,1.3
2916.62,537770.0,211.2,0.7
2917.72,538959.0,205.0,0.8
2918.82,540154.0,203.6,1.2
2919.92,541345.0,208.1,0.8
2921.0,542502.0,210.3,1.6
2922.12,543676.0,209.6,1.6
2923.22,544804.0,209.7,0.8
2924.32,545956.0,204.6,1.9
2925.42,547013.0,202.5,1.6
2926.07,547573.0,208.8,0.7
2926.52,547972.0,213.6,0.9
2927.62,548933.0,215.2,0.5
2928.72,549830.0,219.9,0.5
2929.82,550637.0,221.7,1.4
2930.48,551124.0,222.3,0.9
2930.92,551452.0,226.3,0.9
2931.65,551979.0,222.1,1.1
2932.02,552250.0,220.3,0.3
2933.12,552961.0,223.6,1.1
2934.22,553626.0,224.3,2.2
2935.32,554254.0,226.7,1.2
2936.42,554831.0,233.9,1.5
2937.52,555345.0,241.0,1.4
2938.17,555637.0,243.0,0.8
2938.61,555839.0,249.1,2.1
2939.27,556143.0,244.0,1.5
2939.71,556364.0,250.5,0.8
2940.47,556724.0,245.6,1.3
2940.82,556889.0,240.4,0.9
2941.91,557385.0,238.1,1.2
2943.01,557887.0,234.5,1.0
2943.66,558183.0,229.7,0.4
2944.12,558393.0,230.2,0.7
2945.22,558929.0,230.3,1.5
2946.32,559461.0,228.3,0.9
2947.42,559972.0,231.6,1.2
2948.52,560459.0,231.9,1.2
2949.62,560930.0,234.6,1.5
2950.53,561309.0,234.1,0.9
2951.82,561846.0,240.1,2.1
2952.92,562272.0,242.3,0.5
2954.02,562690.0,245.7,1.8
2955.12,563115.0,245.8,0.5
2956.22,563517.0,247.6,1.5
2957.32,563918.0,251.4,1.7
2958.42,564311.0,252.4,1.7
2959.52,564699.0,252.6,1.0
2960.62,565077.0,251.4,0.7
2961.72,565466.0,253.7,0.8
2962.82,565851.0,254.3,1.6
2963.92,566233.0,253.9,0.7
2965.01,566619.0,254.5,1.6
2966.12,567007.0,253.2,0.9
2967.19,567381.0,253.9,1.2
2968.32,567777.0,252.8,1.1
2969.42,568167.0,253.0,0.6
2970.52,568556.0,250.2,0.4
2971.62,568946.0,251.3,1.3
2972.71,569331.0,250.0,1.3
2973.82,569728.0,251.3,1.3
2974.92,570139.0,251.8,1.2
2976.02,570548.0,251.8,1.3
2977.12,570955.0,249.6,0.5
2978.22,571367.0,251.6,1.7
2979.32,571775.0,250.3,1.0
2980.41,572190.0,246.3,1.1
2981.52,572619.0,247.7,0.7
2982.62,573037.0,249.2,1.1
2983.72,573462.0,248.7,0.4
2984.82,573902.0,251.8,1.8
2985.92,574353.0,251.9,0.7
2987.02,574803.0,252.1,1.3
2988.12,575265.0,248.9,1.0
2989.22,575730.0,252.5,0.5
2990.32,576222.0,252.9,1.1
2991.42,576723.0,251.3,1.1
2992.52,577242.0,251.3,1.1
2993.62,577769.0,251.1,0.6
2994.72,578305.0,249.1,0.5
2995.82,578857.0,252.9,1.1
2996.92,579435.0,251.5,1.8
2997.65,579821.0,244.1,1.7
2998.02,580019.0,243.8,0.9
2998.66,580400.0,236.2,0.3
2999.12,580695.0,230.3,0.6
2999.76,581160.0,225.2,1.6
3000.22,581507.0,219.4,0.8
3000.86,582000.0,215.4,1.1
3001.32,582391.0,209.9,1.2
3002.05,583034.0,206.7,0.5
3002.42,583413.0,210.6,0.6
3005.26,586406.0,224.0,0.9
3005.72,586893.0,226.0,1.4
3006.45,587647.0,234.4,0.5
3006.82,588034.0,238.8,1.0
3007.46,588716.0,246.3,1.8
3007.92,589224.0,250.2,0.4
3008.56,589868.0,248.1,0.6
3009.02,590335.0,243.6,0.8
3009.57,590893.0,237.4,0.8
3010.85,592279.0,225.7,1.1
3011.22,592697.0,229.4,1.3
3011.87,593415.0,233.2,0.3
3012.28,593870.0,238.1,0.9
3012.96,594639.0,238.0,1.1
3013.42,595189.0,232.9,0.6
3014.06,595950.0,221.2,1.8
3014.52,596515.0,216.4,0.9
3015.25,597443.0,216.3,1.5
3015.62,597966.0,219.0,1.0
3016.26,598833.0,226.0,1.1
3016.72,599434.0,229.4,1.4
3017.82,600882.0,232.5,1.3
3018.92,602278.0,237.9,0.8
3020.02,603673.0,239.1,1.1
3021.12,605076.0,244.5,0.7
3022.19,606374.0,248.5,1.7
3023.32,607708.0,254.6,1.2
3024.42,608929.0,259.2,1.8
3025.52,610136.0,257.7,0.5
3026.62,611319.0,259.6,1.2
3027.72,612514.0,258.0,1.4
3028.82,613709.0,256.0,0.4
3029.92,614923.0,252.5,1.1
3031.02,616227.0,252.4,0.9
3032.09,617544.0,252.3,1.1
3033.22,618955.0,247.9,1.0
3034.32,620338.0,245.4,0.3
3035.42,621760.0,243.0,0.8
3036.52,623214.0,238.6,0.8
3037.62,624690.0,237.3,1.0
3038.26,625570.0,234.3,0.3
3038.72,626215.0,227.8,0.9
3039.36,627211.0,214.9,0.5
3039.82,627999.0,205.0,0.9
3040.53,629446.0,198.7,0.8
3040.92,630295.0,199.9,0.5
3041.65,632001.0,199.5,1.8
3042.01,632856.0,195.6,1.5
3042.74,634592.0,192.1,1.6
3043.12,635489.0,193.9,1.8
3043.74,636957.0,193.0,0.7
3044.22,638127.0,194.3,1.9
3044.93,639848.0,187.7,1.0
3045.32,640760.0,189.1,0.5
3046.05,642405.0,190.2,1.0
3046.42,643204.0,190.4,1.1
3047.12,644662.0,194.1,1.3
3047.52,645470.0,194.6,0.9
3048.16,646723.0,188.6,2.0
3048.62,647588.0,190.5,1.0
3049.36,648946.0,192.1,0.7
3049.72,649598.0,194.8,0.4
3050.45,650891.0,187.8,1.2
3050.82,651556.0,192.0,0.7
3051.55,652802.0,185.8,0.5
3051.92,653448.0,185.3,1.0
3052.56,654473.0,191.3,1.8
3053.02,655202.0,193.2,1.0
3053.73,656286.0,198.4,0.5
3054.12,656882.0,198.7,0.7
3054.85,657923.0,191.3,0.6
3055.22,658474.0,189.2,0.9
3055.93,659524.0,182.4,0.3
3056.32,660084.0,183.9,0.4
3056.96,660981.0,186.6,1.0
3057.42,661650.0,189.8,0.8
3058.13,662669.0,187.8,1.5
3058.52,663206.0,189.0,1.0
3059.25,664192.0,189.1,1.2
3059.61,664690.0,185.8,0.8
,,,
,,,
,,,
,,,
,,,
,,,
,,,
,,,
,,,
,,,
,,,
,,,
,,,
,,,
,,,
,,,
,,,
,,,
,,,
,,,
,,,
,,,
,,,
,,,
,,,
,,,
,,,
,,,
,,,
,,,
,,,
,,,
,,,
,,,
,,,
,,,
,,,
,,,
,,,
,,,
,,,
,,,
,,,
,,,
,,,
,,,
,,,
,,,
,,,
,,,
