dome_c_393-664_grenoble,dome_c_393-664_grenoble,dome_c_393-664_grenoble
Depth (m).4,EDC3_gas_a (yr).3,CO2 (ppmv).4
2700.77,392544.0,259.5
2702.97,393579.0,273.6
2705.17,394560.0,260.7
2713.97,398086.0,276.3
2718.37,399722.0,277.1
2720.57,400504.0,283.2
2724.97,402000.0,283.1
2727.17,402731.0,275.7
2731.57,404181.0,276.5
2733.77,404927.0,280.5
2738.17,406368.0,279.6
2740.37,407093.0,285.6
2744.77,408600.0,284.5
2746.97,409383.0,275.2
2746.97,409383.0,274.2
2749.17,410206.0,282.6
2751.37,411071.0,283.5
2755.77,412962.0,274.9
2757.97,413948.0,264.9
2760.17,414963.0,271.6
2762.37,415955.0,276.2
2764.57,416965.0,268.5
2766.77,417979.0,277.7
2768.97,419013.0,273.3
2771.17,420107.0,268.9
2775.57,422374.0,276.6
2775.57,422374.0,274.3
2777.77,423491.0,270.9
2779.97,424604.0,273.7
2782.17,425678.0,257.7
2784.37,426953.0,254.1
,,
,,
,,
,,
,,
,,
,,
,,
,,
,,
,,
,,
,,
,,
,,
,,
,,
,,
,,
,,
,,
,,
,,
,,
,,
,,
,,
,,
,,
,,
,,
,,
,,
,,
,,
,,
,,
,,
,,
,,
,,
,,
,,
,,
,,
,,
,,
,,
,,
,,
,,
,,
,,
,,
,,
,,
,,
,,
,,
,,
,,
,,
,,
,,
,,
,,
,,
,,
,,
,,
,,
,,
,,
,,
,,
,,
,,
,,
,,
,,
,,
,,
,,
,,
,,
,,
,,
,,
,,
,,
,,
,,
,,
,,
,,
,,
,,
,,
,,
,,
,,
,,
,,
,,
,,
,,
,,
,,
,,
,,
,,
,,
,,
,,
,,
,,
,,
,,
,,
,,
,,
,,
,,
,,
,,
,,
,,
,,
,,
,,
,,
,,
,,
,,
,,
,,
,,
,,
,,
,,
,,
,,
,,
,,
,,
,,
,,
,,
,,
,,
,,
,,
,,
,,
,,
,,
,,
,,
,,
,,
,,
,,
,,
,,
,,
,,
,,
,,
,,
,,
,,
,,
,,
,,
,,
,,
,,
,,
,,
,,
,,
,,
,,
,,
,,
,,
,,
,,
,,
,,
,,
,,
,,
,,
,,
,,
,,
,,
,,
,,
,,
,,
,,
,,
,,
,,
,,
,,
,,
,,
,,
,,
,,
,,
,,
,,
,,
,,
,,
,,
,,
,,
,,
,,
,,
,,
,,
,,
,,
,,
,,
,,
,,
,,
,,
,,
,,
,,
,,
,,
,,
,,
,,
,,
,,
,,
,,
,,
,,
,,
,,
,,
,,
,,
,,
,,
,,
,,
,,
,,
,,
,,
,,
,,
,,
,,
,,
,,
,,
,,
,,
,,
,,
,,
,,
,,
,,
,,
,,
,,
,,
,,
,,
,,
,,
,,
,,
,,
,,
,,
,,
,,
,,
,,
,,
,,
,,
,,
,,
,,
,,
,,
,,
,,
,,
,,
,,
,,
,,
,,
,,
,,
,,
,,
,,
,,
,,
,,
,,
,,
,,
,,
,,
,,
,,
,,
,,
,,
,,
,,
,,
,,
,,
,,
,,
,,
,,
,,
,,
,,
,,
