taylor_19-63_bern,taylor_19-63_bern,taylor_19-63_bern,taylor_19-63_bern
Depth (m).2,tentatively synchronized on EDC3_gas_a (yr),CO2 (ppmv).2,sigma (ppmv).1
380.82,18906.0,190.5,1.0
382.42,23379.0,189.1,0.5
382.76,24011.0,189.0,1.4
383.54,25337.0,187.7,1.0
385.33,27507.0,195.2,0.5
385.64,27781.0,194.1,0.4
386.62,28527.0,196.1,0.7
387.66,29238.0,194.0,0.6
388.52,29772.0,191.1,0.5
389.7,30407.0,193.5,0.8
390.71,30881.0,196.8,0.5
391.63,31308.0,199.6,0.6
392.62,31700.0,199.1,0.2
393.55,32090.0,200.4,0.6
395.32,32771.0,200.2,0.3
396.42,33161.0,200.1,0.7
396.98,33341.0,201.6,0.5
397.64,33580.0,200.9,0.6
398.61,33913.0,203.6,0.4
400.02,34364.0,205.3,0.6
405.53,36061.0,208.8,0.3
406.6,36378.0,213.0,0.8
407.73,36695.0,211.3,0.7
408.54,36883.0,212.6,1.1
411.31,37545.0,213.6,0.6
412.24,37740.0,210.8,0.4
413.11,37949.0,209.9,0.7
413.97,38149.0,210.6,0.5
416.37,38679.0,210.3,0.7
416.99,38826.0,207.8,0.6
418.27,39100.0,205.7,0.8
419.39,39345.0,198.6,0.5
420.31,39527.0,196.4,0.8
422.53,39960.0,197.5,0.8
424.75,40427.0,198.2,0.3
426.46,40837.0,201.4,0.8
427.06,40990.0,198.9,0.7
429.3,41620.0,201.4,0.7
430.13,41895.0,201.6,0.6
430.83,42131.0,202.2,0.9
431.52,42342.0,201.9,1.0
434.75,43252.0,199.9,0.7
436.05,43612.0,201.7,0.8
436.93,43879.0,205.0,0.6
438.21,44239.0,210.0,0.6
438.92,44439.0,214.0,0.8
439.83,44700.0,216.2,1.4
441.02,45010.0,214.6,0.2
441.8,45222.0,215.7,0.6
442.76,45466.0,210.6,0.8
444.23,45839.0,206.6,0.6
446.42,46511.0,203.1,0.9
447.42,46935.0,200.0,0.5
447.93,47175.0,199.1,0.7
449.24,47916.0,202.1,0.6
450.05,48488.0,206.9,0.6
450.83,49104.0,206.9,0.7
452.33,50357.0,212.3,0.5
452.99,50928.0,214.3,1.1
453.52,51367.0,218.0,0.7
455.16,52618.0,216.9,0.7
456.72,53630.0,211.7,0.7
457.62,54250.0,210.8,0.7
458.73,55053.0,208.0,0.9
459.81,55927.0,211.5,0.6
461.92,57477.0,218.2,0.7
464.13,58891.0,220.4,0.9
465.02,59474.0,215.0,0.9
465.74,59955.0,214.9,0.6
466.48,60431.0,212.5,0.7
467.78,61239.0,204.6,0.4
470.18,62751.0,197.4,0.5
470.92,63205.0,203.6,1.0
,,,
,,,
,,,
,,,
,,,
,,,
,,,
,,,
,,,
,,,
,,,
,,,
,,,
,,,
,,,
,,,
,,,
,,,
,,,
,,,
,,,
,,,
,,,
,,,
,,,
,,,
,,,
,,,
,,,
,,,
,,,
,,,
,,,
,,,
,,,
,,,
,,,
,,,
,,,
,,,
,,,
,,,
,,,
,,,
,,,
,,,
,,,
,,,
,,,
,,,
,,,
,,,
,,,
,,,
,,,
,,,
,,,
,,,
,,,
,,,
,,,
,,,
,,,
,,,
,,,
,,,
,,,
,,,
,,,
,,,
,,,
,,,
,,,
,,,
,,,
,,,
,,,
,,,
,,,
,,,
,,,
,,,
,,,
,,,
,,,
,,,
,,,
,,,
,,,
,,,
,,,
,,,
,,,
,,,
,,,
,,,
,,,
,,,
,,,
,,,
,,,
,,,
,,,
,,,
,,,
,,,
,,,
,,,
,,,
,,,
,,,
,,,
,,,
,,,
,,,
,,,
,,,
,,,
,,,
,,,
,,,
,,,
,,,
,,,
,,,
,,,
,,,
,,,
,,,
,,,
,,,
,,,
,,,
,,,
,,,
,,,
,,,
,,,
,,,
,,,
,,,
,,,
,,,
,,,
,,,
,,,
,,,
,,,
,,,
,,,
,,,
,,,
,,,
,,,
,,,
,,,
,,,
,,,
,,,
,,,
,,,
,,,
,,,
,,,
,,,
,,,
,,,
,,,
,,,
,,,
,,,
,,,
,,,
,,,
,,,
,,,
,,,
,,,
,,,
,,,
,,,
,,,
,,,
,,,
,,,
,,,
,,,
,,,
,,,
,,,
,,,
,,,
,,,
,,,
,,,
,,,
,,,
,,,
,,,
,,,
,,,
,,,
,,,
,,,
,,,
,,,
,,,
,,,
,,,
,,,
,,,
,,,
,,,
,,,
,,,
,,,
,,,
,,,
,,,
,,,
,,,
,,,
,,,
,,,
,,,
,,,
,,,
,,,
,,,
,,,
,,,
,,,
,,,
,,,
,,,
,,,
,,,
,,,
,,,
,,,
,,,
,,,
,,,
,,,
,,,
,,,
,,,
,,,
,,,
,,,
,,,
,,,
,,,
,,,
,,,
,,,
,,,
,,,
,,,
,,,
,,,
,,,
,,,
,,,
,,,
,,,
,,,
,,,
,,,
,,,
,,,
,,,
,,,
,,,
,,,
,,,
,,,
,,,
,,,
,,,
,,,
,,,
,,,
,,,
,,,
,,,
,,,
,,,
,,,
,,,
,,,
,,,
,,,
,,,
,,,
,,,
,,,
,,,
,,,
